001.jpg 62 15 125 112
003.jpg 44 7 98 80
006.jpg 76 129 87 142
007.jpg 74 16 112 66
011.jpg 7 32 75 120
016.jpg 1 20 88 142
019.jpg 67 12 148 129
026.jpg 95 20 132 77
028.jpg 72 18 156 122
035.jpg 204 40 253 117
036.jpg 49 10 124 113
048.jpg 42 29 90 86
054.jpg 65 55 109 110
058.jpg 9 61 47 111
060.jpg 78 13 136 108
063.jpg 65 60 89 88
069.jpg 29 77 67 134
078.jpg 13 80 35 104
091.jpg 104 66 130 100
100.jpg 63 1 129 108
127.jpg 108 10 161 72
132.jpg 152 90 207 155
133.jpg 71 0 129 54
134.jpg 94 16 176 131
136.jpg 16 4 114 130
137.jpg 50 12 125 114
138.jpg 87 12 148 94
144.jpg 88 6 170 112
145.jpg 12 82 58 138
146.jpg 82 12 147 107
148.jpg 33 18 105 109
149.jpg 42 35 101 119
152.jpg 33 15 100 94
153.jpg 50 64 80 103
158.jpg 41 0 230 151
159.jpg 79 45 112 85
160.jpg 109 81 131 112
161.jpg 20 60 92 140
164.jpg 64 9 124 102
173.jpg 19 22 64 84
177.jpg 20 56 55 110
181.jpg 11 35 66 117
183.jpg 86 8 148 96
184.jpg 13 27 62 94
185.jpg 20 22 70 100
189.jpg 44 57 87 102
190.jpg 14 53 75 142
192.jpg 16 0 77 76
193.jpg 32 97 65 136
195.jpg 106 13 199 133
196.jpg 35 15 81 82
197.jpg 80 21 136 113
198.jpg 36 83 82 139
200.jpg 66 14 105 66
