001.jpg 62 15 125 112
002.jpg 19 48 56 80
003.jpg 44 7 98 80
004.jpg 16 6 73 61
005.jpg 72 6 114 68
005.jpg 54 29 70 50
005.jpg 23 34 38 52
006.jpg 82 16 140 108
006.jpg 76 129 87 142
007.jpg 74 16 112 66
008.jpg 107 46 174 110
009.jpg 78 7 136 95
010.jpg 21 16 90 117
011.jpg 7 32 75 120
012.jpg 98 22 152 99
012.jpg 0 21 28 78
013.jpg 10 0 102 77
014.jpg 10 22 96 108
015.jpg 68 23 164 124
016.jpg 1 20 88 142
017.jpg 44 21 165 152
018.jpg 73 29 132 89
019.jpg 67 12 148 129
020.jpg 72 10 203 160
021.jpg 130 42 158 72
022.jpg 28 38 73 82
023.jpg 25 72 71 121
024.jpg 93 51 178 133
025.jpg 64 17 142 98
026.jpg 95 20 132 77
026.jpg 25 61 32 72
027.jpg 21 11 155 128
028.jpg 72 18 156 122
029.jpg 44 1 119 75
030.jpg 52 24 106 80
031.jpg 8 6 41 59
032.jpg 80 41 118 78
033.jpg 55 17 116 110
034.jpg 31 12 96 72
035.jpg 204 40 253 117
036.jpg 49 10 124 113
037.jpg 74 11 103 51
038.jpg 72 32 116 81
039.jpg 45 23 122 100
040.jpg 19 11 81 76
041.jpg 80 39 130 88
042.jpg 68 57 90 77
043.jpg 79 51 129 105
044.jpg 33 33 60 59
045.jpg 84 67 120 103
046.jpg 44 6 90 49
047.jpg 88 68 102 80
047.jpg 125 81 146 102
048.jpg 42 29 90 86
049.jpg 46 15 148 110
050.jpg 142 32 186 105
051.jpg 14 33 34 51
052.jpg 106 20 152 63
053.jpg 35 25 70 56
054.jpg 65 55 109 110
055.jpg 14 10 65 56
056.jpg 91 13 188 175
057.jpg 21 25 74 107
058.jpg 9 61 47 111
059.jpg 77 44 146 117
060.jpg 78 13 136 108
061.jpg 14 56 44 82
062.jpg 78 17 137 70
063.jpg 0 39 58 99
063.jpg 65 60 89 88
064.jpg 30 14 113 96
065.jpg 19 86 67 133
066.jpg 28 56 75 101
067.jpg 45 14 89 66
068.jpg 93 10 181 91
069.jpg 29 77 67 134
070.jpg 5 50 41 88
071.jpg 61 32 106 95
072.jpg 63 64 128 137
073.jpg 34 94 94 150
074.jpg 113 32 169 112
075.jpg 114 61 160 117
076.jpg 38 19 83 89
077.jpg 116 45 147 76
077.jpg 40 128 60 148
078.jpg 61 12 148 139
078.jpg 13 80 35 104
078.jpg 0 67 14 84
079.jpg 37 34 93 130
080.jpg 70 48 143 150
081.jpg 27 32 70 105
082.jpg 36 23 111 94
083.jpg 56 44 111 102
084.jpg 31 60 65 93
085.jpg 75 0 188 104
086.jpg 77 44 111 76
087.jpg 103 12 193 103
088.jpg 44 17 127 143
089.jpg 95 32 134 85
090.jpg 61 59 116 118
091.jpg 104 66 130 100
092.jpg 97 24 167 136
093.jpg 96 25 162 89
094.jpg 66 33 176 140
095.jpg 90 20 189 119
096.jpg 45 51 104 110
097.jpg 124 39 179 100
097.jpg 114 128 126 143
098.jpg 111 34 136 64
099.jpg 84 18 129 62
099.jpg 150 60 164 78
099.jpg 178 92 188 102
100.jpg 63 1 129 108
101.jpg 40 29 67 73
102.jpg 64 48 87 77
103.jpg 69 20 193 131
104.jpg 99 14 150 98
105.jpg 74 34 105 71
106.jpg 34 85 88 139
107.jpg 102 6 141 69
108.jpg 60 22 93 70
108.jpg 140 20 172 72
109.jpg 11 37 65 88
110.jpg 80 10 176 106
111.jpg 50 50 86 90
112.jpg 37 37 121 122
113.jpg 92 40 129 77
114.jpg 120 43 173 105
115.jpg 74 25 108 72
116.jpg 52 45 140 124
117.jpg 18 8 78 97
118.jpg 6 6 44 71
119.jpg 64 26 102 79
119.jpg 140 46 169 77
120.jpg 21 25 87 90
121.jpg 34 3 95 61
122.jpg 92 0 183 86
123.jpg 0 21 24 73
123.jpg 7 76 55 126
124.jpg 29 64 100 130
125.jpg 69 38 92 66
126.jpg 116 37 172 92
127.jpg 108 10 161 72
128.jpg 14 17 71 70
129.jpg 35 38 72 78
130.jpg 31 48 72 86
131.jpg 42 22 115 93
132.jpg 81 28 123 77
132.jpg 152 90 207 155
133.jpg 71 0 129 54
134.jpg 94 16 176 131
135.jpg 56 37 87 76
136.jpg 16 4 114 130
137.jpg 50 12 125 114
138.jpg 87 12 148 94
139.jpg 54 14 170 128
140.jpg 41 58 69 86
141.jpg 87 30 146 88
142.jpg 33 10 93 69
143.jpg 1 46 57 98
144.jpg 88 6 170 112
145.jpg 12 82 58 138
146.jpg 82 12 147 107
147.jpg 71 19 138 115
148.jpg 33 18 105 109
149.jpg 42 35 101 119
150.jpg 22 70 44 104
150.jpg 79 20 142 118
150.jpg 146 75 169 104
151.jpg 76 11 167 102
152.jpg 33 15 100 94
153.jpg 50 64 80 103
154.jpg 48 0 190 124
155.jpg 77 12 167 123
156.jpg 85 50 124 105
157.jpg 61 60 115 117
158.jpg 41 0 230 151
159.jpg 79 45 112 85
160.jpg 109 81 131 112
161.jpg 20 60 92 140
162.jpg 20 50 56 83
163.jpg 0 21 12 49
163.jpg 26 23 47 50
163.jpg 70 78 85 99
163.jpg 46 8 94 73
164.jpg 64 9 124 102
165.jpg 54 32 78 68
166.jpg 105 14 198 109
167.jpg 146 22 195 69
168.jpg 81 46 112 80
169.jpg 36 28 68 76
169.jpg 8 89 30 114
169.jpg 2 110 11 123
169.jpg 78 102 94 122
169.jpg 100 5 124 29
170.jpg 50 16 74 52
171.jpg 92 47 122 94
172.jpg 88 18 166 96
173.jpg 19 22 64 84
174.jpg 28 30 97 100
175.jpg 25 17 54 47
176.jpg 49 26 106 93
177.jpg 20 56 55 110
178.jpg 27 61 71 106
179.jpg 53 23 107 110
180.jpg 16 60 51 102
181.jpg 11 35 66 117
182.jpg 124 35 181 81
183.jpg 86 8 148 96
184.jpg 13 27 62 94
185.jpg 20 22 70 100
186.jpg 53 28 96 74
187.jpg 0 30 30 77
187.jpg 40 40 90 98
188.jpg 13 48 36 75
188.jpg 44 27 66 50
188.jpg 88 33 142 86
188.jpg 204 43 224 71
189.jpg 44 57 87 102
190.jpg 14 53 75 142
190.jpg 97 13 128 56
191.jpg 0 16 56 95
192.jpg 16 0 77 76
193.jpg 32 97 65 136
194.jpg 22 50 62 90
195.jpg 106 13 199 133
196.jpg 35 15 81 82
197.jpg 80 21 136 113
198.jpg 36 83 82 139
199.jpg 61 0 191 116
200.jpg 66 14 105 66
