002.jpg 19 48 56 80
008.jpg 107 46 174 110
014.jpg 10 22 96 108
018.jpg 73 29 132 89
022.jpg 28 38 73 82
023.jpg 25 72 71 121
024.jpg 93 51 178 133
030.jpg 52 24 106 80
032.jpg 80 41 118 78
041.jpg 80 39 130 88
042.jpg 68 57 90 77
043.jpg 79 51 129 105
044.jpg 33 33 60 59
045.jpg 84 67 120 103
047.jpg 88 68 102 80
051.jpg 14 33 34 51
052.jpg 106 20 152 63
053.jpg 35 25 70 56
059.jpg 77 44 146 117
061.jpg 14 56 44 82
062.jpg 78 17 137 70
066.jpg 28 56 75 101
070.jpg 5 50 41 88
072.jpg 63 64 128 137
077.jpg 116 45 147 76
078.jpg 0 67 14 84
084.jpg 31 60 65 93
086.jpg 77 44 111 76
090.jpg 61 59 116 118
094.jpg 66 33 176 140
096.jpg 45 51 104 110
097.jpg 124 39 179 100
098.jpg 111 34 136 64
099.jpg 84 18 129 62
099.jpg 178 92 188 102
105.jpg 74 34 105 71
111.jpg 50 50 86 90
113.jpg 92 40 129 77
116.jpg 52 45 140 124
119.jpg 140 46 169 77
125.jpg 69 38 92 66
126.jpg 116 37 172 92
129.jpg 35 38 72 78
130.jpg 31 48 72 86
140.jpg 41 58 69 86
141.jpg 87 30 146 88
143.jpg 1 46 57 98
157.jpg 61 60 115 117
162.jpg 20 50 56 83
168.jpg 81 46 112 80
175.jpg 25 17 54 47
176.jpg 49 26 106 93
180.jpg 16 60 51 102
182.jpg 124 35 181 81
186.jpg 53 28 96 74
188.jpg 88 33 142 86
194.jpg 22 50 62 90
