005.jpg 72 6 114 68
006.jpg 82 16 140 108
009.jpg 78 7 136 95
010.jpg 21 16 90 117
012.jpg 98 22 152 99
017.jpg 44 21 165 152
020.jpg 72 10 203 160
021.jpg 130 42 158 72
031.jpg 8 6 41 59
033.jpg 55 17 116 110
037.jpg 74 11 103 51
038.jpg 72 32 116 81
047.jpg 125 81 146 102
050.jpg 142 32 186 105
056.jpg 91 13 188 175
057.jpg 21 25 74 107
063.jpg 0 39 58 99
067.jpg 45 14 89 66
071.jpg 61 32 106 95
074.jpg 113 32 169 112
075.jpg 114 61 160 117
076.jpg 38 19 83 89
078.jpg 61 12 148 139
079.jpg 37 34 93 130
080.jpg 70 48 143 150
081.jpg 27 32 70 105
088.jpg 44 17 127 143
089.jpg 95 32 134 85
092.jpg 97 24 167 136
099.jpg 150 60 164 78
101.jpg 40 29 67 73
102.jpg 64 48 87 77
104.jpg 99 14 150 98
107.jpg 102 6 141 69
108.jpg 140 20 172 72
114.jpg 120 43 173 105
115.jpg 74 25 108 72
117.jpg 18 8 78 97
118.jpg 6 6 44 71
119.jpg 64 26 102 79
135.jpg 56 37 87 76
147.jpg 71 19 138 115
150.jpg 79 20 142 118
155.jpg 77 12 167 123
156.jpg 85 50 124 105
163.jpg 46 8 94 73
165.jpg 54 32 78 68
169.jpg 36 28 68 76
170.jpg 50 16 74 52
171.jpg 92 47 122 94
179.jpg 53 23 107 110
187.jpg 40 40 90 98
