004.jpg 16 6 73 61
013.jpg 10 0 102 77
015.jpg 68 23 164 124
025.jpg 64 17 142 98
027.jpg 21 11 155 128
029.jpg 44 1 119 75
034.jpg 31 12 96 72
039.jpg 45 23 122 100
040.jpg 19 11 81 76
046.jpg 44 6 90 49
049.jpg 46 15 148 110
055.jpg 14 10 65 56
064.jpg 30 14 113 96
065.jpg 19 86 67 133
068.jpg 93 10 181 91
073.jpg 34 94 94 150
082.jpg 36 23 111 94
083.jpg 56 44 111 102
085.jpg 75 0 188 104
087.jpg 103 12 193 103
093.jpg 96 25 162 89
095.jpg 90 20 189 119
103.jpg 69 20 193 131
106.jpg 34 85 88 139
109.jpg 11 37 65 88
110.jpg 80 10 176 106
112.jpg 37 37 121 122
120.jpg 21 25 87 90
121.jpg 34 3 95 61
122.jpg 92 0 183 86
123.jpg 7 76 55 126
124.jpg 29 64 100 130
128.jpg 14 17 71 70
131.jpg 42 22 115 93
139.jpg 54 14 170 128
142.jpg 33 10 93 69
151.jpg 76 11 167 102
154.jpg 48 0 190 124
166.jpg 105 14 198 109
167.jpg 146 22 195 69
172.jpg 88 18 166 96
174.jpg 28 30 97 100
178.jpg 27 61 71 106
191.jpg 0 16 56 95
199.jpg 61 0 191 116
